1.061265582961379295e+00 1.883157144196126787e+00
-1.552060162058082726e+00 4.633497609491228630e-02
-1.999999999999999778e+00 -6.975785869394159899e-01
1.382359963100523670e+00 -8.768744520185832447e-02
-1.074455314318581989e-01 -1.207090766464437026e+00
1.305518035432520652e+00 4.474516590791386417e-01
7.166316706743302012e-01 7.965988782934143586e-01
-1.021112819385030956e+00 -8.573636107913243931e-01
5.966389082406330369e-01 -3.643670866059146030e-01
-3.817956475344170819e-01 4.054483833935797893e-02
